59
86
99
193
214
242
402
415
420
532
567
580
593
657
658
742
853
933
934
957
974
1052
1102
1128
1145
1177
1183
1256
1279
1318
1376
1525
1546
1560
1601
1699
1745
1754
1765
1774
1775
1797
1860
1903
1937
1977
2104
2118
2142
2143
2217
2220
2227
2253
2266
2284
2293
2298
2301
2336
2346
2364
2378
2382
2385
2398
2399
2462
2545
2558
2586
2588
2605
2613
2629
2739
2841
2911
2916
2974
3019
3037
3041
3161
3186
3234
3258
3262
3282
3283
3407
3415
3470
3477
3486
3549
3553
3663
3664
3717
3786
3808
3891
3914
3987
4028
4051
4078
4090
4124
4203
4207
4259
4263
4271
4285
4359
4391
4408
4449
4533
4637
4645
4688
4700
4701
4724
4759
4827
4855
5094
5095
5173
5178
5186
5215
5235
5288
5303
5339
5430
5470
5482
5516
5543
5548
5549
5553
5570
5582
5681
5744
5796
5863
5942
5985
6013
6026
6065
6115
6168
6173
6192
6206
6268
6276
6303
6331
6405
6413
6434
6438
6480
6540
6550
6645
6646
6686
6705
6746
6822
6870
6873
6891
6917
6954
7014
7023
7058
7146
7198
7234
7280
7285
7287
7297
7306
7314
7358
7363
7410
7415
7445
7461
7757
7768
7910
8031
8052
8096
8116
8135
8157
8168
8185
8197
8213
8282
8293
8473
8500
8510
8534
8608
8671
8674
8718
8737
8760
8768
8775
8816
8863
8897
8905
8917
8934
8935
8969
8977
8978
9060
9149
9170
9181
9187
9188
9222
9230
9270
9308
9309
9392
9405
9413
9439
9500
9525
9584
9610
9622
9655
9684
9703
9724
9755
9784
9805
9842
9856
9921
9936
9968
9972