54 99
124 99
124 125
335 125
335 164
335 582
575 582
818 582
818 790
818 819
906 819
906 906
914 996
1028 996
1028 1317
1102 1317
1131 1317
1270 1317
1490 1317
1490 1336
1490 1490
1495 2027
1524 2027
1617 2027
1728 2027
1855 2027
2072 2027
2072 2231
2080 2231
2140 2231
2157 2231
2348 2231
2348 2280
2348 2380
2519 2380
2519 2481
2519 2576
2560 2576
2631 2576
2631 3421
2874 3421
2926 3421
2930 3421
2933 3421
3128 3421
3330 3421
3334 3421
3555 3421
3555 3755
3604 3755
3713 3755
3718 3755
3732 3755
3927 3755
3927 3843
3927 3927
3943 3943
4154 4816
4318 4816
4326 4816
4359 4816
4381 4816
4419 4816
4539 4816
4540 4816
4557 4816
4597 4816
4889 4816
4889 4817
4889 4889
4920 5008
5008 5008
5183 5186
5305 5186
5305 5189
5305 5241
5305 5460
5375 5460
5453 5460
5534 5460
5534 5559
5554 5559
5629 5559
5629 5645
5645 5645
5782 6088
5836 6088
5863 6088
5911 6088
5946 6088
5978 6088
6115 6088
6115 6227
6549 6227
6549 6238
6549 6415
6549 6466
6549 6933
6658 6933
6684 6933
6786 6933
6933 6933
7011 7265
7068 7265
7171 7265
7190 7265
7265 7265
7548 7994
7829 7994
7830 7994
7850 7994
8146 7994
8146 8101
8146 8423
8234 8423
8271 8423
8306 8423
8423 8423
8481 8473
8481 8675
8510 8675
8590 8675
8730 8675
8730 9003
8872 9003
8904 9003
8990 9003
9035 9003
9035 9028
9035 9044
9085 9044
9085 9159
9263 9159
9263 9690
9305 9690
9390 9690
9411 9690
9480 9690
9600 9690
9608 9690
9621 9690
9681 9690
9821 9690
9821 -2


54
99
124
125
164
335
575
582
790
818
819
906
914
996
1028
1102
1131
1270
1317
1336
1490
1495
1524
1617
1728
1855
2027
2072
2080
2140
2157
2231
2280
2348
2380
2481
2519
2560
2576
2631
2874
2926
2930
2933
3128
3330
3334
3421
3555
3604
3713
3718
3732
3755
3843
3927
3943
4154
4318
4326
4359
4381
4419
4539
4540
4557
4597
4816
4817
4889
4920
5008
5183
5186
5189
5241
5305
5375
5453
5460
5534
5554
5559
5629
5645
5782
5836
5863
5911
5946
5978
6088
6115
6227
6238
6415
6466
6549
6658
6684
6786
6933
7011
7068
7171
7190
7265
7548
7829
7830
7850
7994
8101
8146
8234
8271
8306
8423
8473
8481
8510
8590
8675
8730
8872
8904
8990
9003
9028
9035
9044
9085
9159
9263
9305
9390
9411
9480
9600
9608
9621
9681
9690